7.732489024400709923e+02 3.974819995164871216e+02
7.759408216476441567e+02 3.939292647838592529e+02
7.740501508712768555e+02 3.930232965946197510e+02
0.000000000000000000e+00 0.000000000000000000e+00
7.678561928272247314e+02 3.906077456474304199e+02
7.625660735368728638e+02 3.972769522666931152e+02
7.544932250976562500e+02 3.961600835472345352e+02
7.682541275024414062e+02 4.144552125930786133e+02
7.558429657965898514e+02 4.181412155628204914e+02
7.775095195770263672e+02 4.202300796508789062e+02
7.745725131034852211e+02 4.251102087497710613e+02
7.484940366446971893e+02 4.202230446189641953e+02
7.359373593330383301e+02 4.214152872562408447e+02
7.659936711788177490e+02 4.299815376996994019e+02
7.636490026712418739e+02 4.303915905952453613e+02
7.670770432949066162e+02 4.671008262038230328e+02
7.581242938041687012e+02 4.679782279394567013e+02
1.692028806824237336e+03 3.632630741596221924e+02
0.000000000000000000e+00 0.000000000000000000e+00
1.689363374471664429e+03 3.572347140312194824e+02
0.000000000000000000e+00 0.000000000000000000e+00
1.676505321979522705e+03 3.590969898700714111e+02
1.630887475013732910e+03 3.970469944477081299e+02
1.690933503150939941e+03 3.926388127803802490e+02
1.616391210317611694e+03 4.535170757770538330e+02
0.000000000000000000e+00 0.000000000000000000e+00
1.630532585144042969e+03 4.552407615184783367e+02
0.000000000000000000e+00 0.000000000000000000e+00
1.642659680485725403e+03 4.856886113882064819e+02
1.673434571266174316e+03 4.802841594219207764e+02
0.000000000000000000e+00 0.000000000000000000e+00
0.000000000000000000e+00 0.000000000000000000e+00
0.000000000000000000e+00 0.000000000000000000e+00
0.000000000000000000e+00 0.000000000000000000e+00
7.664762878417968750e+02 3.439959592819213867e+02
7.671211104393005371e+02 3.376969144344329834e+02
0.000000000000000000e+00 0.000000000000000000e+00
0.000000000000000000e+00 0.000000000000000000e+00
0.000000000000000000e+00 0.000000000000000000e+00
0.000000000000000000e+00 0.000000000000000000e+00
0.000000000000000000e+00 0.000000000000000000e+00
0.000000000000000000e+00 0.000000000000000000e+00
0.000000000000000000e+00 0.000000000000000000e+00
0.000000000000000000e+00 0.000000000000000000e+00
0.000000000000000000e+00 0.000000000000000000e+00
0.000000000000000000e+00 0.000000000000000000e+00
0.000000000000000000e+00 0.000000000000000000e+00
0.000000000000000000e+00 0.000000000000000000e+00
0.000000000000000000e+00 0.000000000000000000e+00
0.000000000000000000e+00 0.000000000000000000e+00
0.000000000000000000e+00 0.000000000000000000e+00
1.797161447882652283e+03 3.815090864896774292e+02
0.000000000000000000e+00 0.000000000000000000e+00
0.000000000000000000e+00 0.000000000000000000e+00
0.000000000000000000e+00 0.000000000000000000e+00
0.000000000000000000e+00 0.000000000000000000e+00
0.000000000000000000e+00 0.000000000000000000e+00
0.000000000000000000e+00 0.000000000000000000e+00
0.000000000000000000e+00 0.000000000000000000e+00
0.000000000000000000e+00 0.000000000000000000e+00
0.000000000000000000e+00 0.000000000000000000e+00
0.000000000000000000e+00 0.000000000000000000e+00
0.000000000000000000e+00 0.000000000000000000e+00
0.000000000000000000e+00 0.000000000000000000e+00
0.000000000000000000e+00 0.000000000000000000e+00
0.000000000000000000e+00 0.000000000000000000e+00
0.000000000000000000e+00 0.000000000000000000e+00
0.000000000000000000e+00 0.000000000000000000e+00
0.000000000000000000e+00 0.000000000000000000e+00
1.797967603325843584e+03 3.776490440368652344e+02
0.000000000000000000e+00 0.000000000000000000e+00
1.803646086871623993e+03 3.795784112811088562e+02
1.833056435108185042e+03 3.847161769866943359e+02
1.798564970254898071e+03 4.185716135501861572e+02
1.841030809402465820e+03 4.173526175022125244e+02
0.000000000000000000e+00 0.000000000000000000e+00
1.862196857929229736e+03 4.678413629531860352e+02
1.831899540901184082e+03 4.768930841088295551e+02
0.000000000000000000e+00 0.000000000000000000e+00
0.000000000000000000e+00 0.000000000000000000e+00
1.840905748367309343e+03 5.320802286639809608e+02
0.000000000000000000e+00 0.000000000000000000e+00
0.000000000000000000e+00 0.000000000000000000e+00
0.000000000000000000e+00 0.000000000000000000e+00
0.000000000000000000e+00 0.000000000000000000e+00
0.000000000000000000e+00 0.000000000000000000e+00
0.000000000000000000e+00 0.000000000000000000e+00
7.635709554553031921e+02 3.436817405223846436e+02
0.000000000000000000e+00 0.000000000000000000e+00
0.000000000000000000e+00 0.000000000000000000e+00
0.000000000000000000e+00 0.000000000000000000e+00
0.000000000000000000e+00 0.000000000000000000e+00
0.000000000000000000e+00 0.000000000000000000e+00
0.000000000000000000e+00 0.000000000000000000e+00
0.000000000000000000e+00 0.000000000000000000e+00
0.000000000000000000e+00 0.000000000000000000e+00
0.000000000000000000e+00 0.000000000000000000e+00
0.000000000000000000e+00 0.000000000000000000e+00
0.000000000000000000e+00 0.000000000000000000e+00
0.000000000000000000e+00 0.000000000000000000e+00
0.000000000000000000e+00 0.000000000000000000e+00
0.000000000000000000e+00 0.000000000000000000e+00
0.000000000000000000e+00 0.000000000000000000e+00
0.000000000000000000e+00 0.000000000000000000e+00
1.810174182772636186e+03 4.352478238344192505e+02
0.000000000000000000e+00 0.000000000000000000e+00
0.000000000000000000e+00 0.000000000000000000e+00
0.000000000000000000e+00 0.000000000000000000e+00
0.000000000000000000e+00 0.000000000000000000e+00
0.000000000000000000e+00 0.000000000000000000e+00
0.000000000000000000e+00 0.000000000000000000e+00
0.000000000000000000e+00 0.000000000000000000e+00
0.000000000000000000e+00 0.000000000000000000e+00
0.000000000000000000e+00 0.000000000000000000e+00
0.000000000000000000e+00 0.000000000000000000e+00
0.000000000000000000e+00 0.000000000000000000e+00
0.000000000000000000e+00 0.000000000000000000e+00
0.000000000000000000e+00 0.000000000000000000e+00
0.000000000000000000e+00 0.000000000000000000e+00
0.000000000000000000e+00 0.000000000000000000e+00
0.000000000000000000e+00 0.000000000000000000e+00
7.097944526672363281e+02 3.349671888351440430e+02
0.000000000000000000e+00 0.000000000000000000e+00
7.068814699649810791e+02 3.362448835372924805e+02
7.118468074798583984e+02 3.443405995368957520e+02
7.015147318840026855e+02 3.445236525535582928e+02
7.145128511190414429e+02 3.556502014100551605e+02
6.999415162950754166e+02 3.563528181910514832e+02
0.000000000000000000e+00 0.000000000000000000e+00
7.062923202514648438e+02 3.623990049362182617e+02
7.110361330509185791e+02 3.655021635293960571e+02
7.053296351432800293e+02 3.657061554193496704e+02
0.000000000000000000e+00 0.000000000000000000e+00
7.083178614079952240e+02 3.821270577907562256e+02
7.143445328474044800e+02 4.041683733463287354e+02
0.000000000000000000e+00 0.000000000000000000e+00
0.000000000000000000e+00 0.000000000000000000e+00
0.000000000000000000e+00 0.000000000000000000e+00
0.000000000000000000e+00 0.000000000000000000e+00
9.520348391532897949e+02 3.291450521945953369e+02
9.757911226749420166e+02 3.281973099708557697e+02
9.404992904663085938e+02 3.559297336041927338e+02
9.880005520171253011e+02 3.571583656072616009e+02
9.303297277688980103e+02 3.994898571968078613e+02
9.996890406608581543e+02 4.012378978729248047e+02
9.277311630249023438e+02 4.369150211215019226e+02
1.009252429962158203e+03 4.301096200942993164e+02
9.524356670379638672e+02 4.340208272933959961e+02
9.833246939182281494e+02 4.337847442626953125e+02
9.561836948245763779e+02 4.885463619232177734e+02
9.813780825138092041e+02 4.850471260547638508e+02
9.571873188018798828e+02 5.417648910284042358e+02
9.788200693130494301e+02 5.412142723798751831e+02
0.000000000000000000e+00 0.000000000000000000e+00
0.000000000000000000e+00 0.000000000000000000e+00
0.000000000000000000e+00 0.000000000000000000e+00
1.386659559965133894e+03 3.504485597610473633e+02
1.396964811265468597e+03 3.511481819152832031e+02
1.382907474517822266e+03 3.615314342975617024e+02
1.402372438192367554e+03 3.626876800060272217e+02
1.377047125816345215e+03 3.797560080587863922e+02
1.406388489723205794e+03 3.819917646646499634e+02
1.376005983829498291e+03 3.925792071819305420e+02
1.408495649337768555e+03 3.966132697463035583e+02
1.383982376575469971e+03 3.934374992847442627e+02
1.398169310331344604e+03 3.924974281787872314e+02
1.381721182942390442e+03 4.135851902961730389e+02
1.394685184121131897e+03 4.152441039085388752e+02
1.382170828342437744e+03 4.375326822996139526e+02
1.392536994695663452e+03 4.382391493320465088e+02
0.000000000000000000e+00 0.000000000000000000e+00
0.000000000000000000e+00 0.000000000000000000e+00
0.000000000000000000e+00 0.000000000000000000e+00
3.786016476154327393e+02 3.120674939155579182e+02
3.904496543407440754e+02 3.124560296535491943e+02
3.715737907886504559e+02 3.253942182064056965e+02
3.956983288824558258e+02 3.250950471162796021e+02
3.661656913757324219e+02 3.425747194290161133e+02
3.963380002081393627e+02 3.479798707850277424e+02
0.000000000000000000e+00 0.000000000000000000e+00
4.041183023452758789e+02 3.714362574815750122e+02
3.755783307552337078e+02 3.635220832526683807e+02
3.905051252841949463e+02 3.639158881232142448e+02
3.766279401779174805e+02 3.938694376945495037e+02
3.922474040985107422e+02 3.936090033054352375e+02
3.757682664394378662e+02 4.249835963249206543e+02
3.880804621204733849e+02 4.248501372337341877e+02
0.000000000000000000e+00 0.000000000000000000e+00
0.000000000000000000e+00 0.000000000000000000e+00
0.000000000000000000e+00 0.000000000000000000e+00
1.058277312040328979e+03 3.422847149372100262e+02
1.082326410293579102e+03 3.427384362220763592e+02
1.046296275377273560e+03 3.748458576202392578e+02
1.095529541254043579e+03 3.785302513837814331e+02
1.037499944448471069e+03 4.085425109863281250e+02
1.105100905895233154e+03 4.205562265515327454e+02
0.000000000000000000e+00 0.000000000000000000e+00
0.000000000000000000e+00 0.000000000000000000e+00
1.059910973206162453e+03 4.761023783162236214e+02
1.088854324579238892e+03 4.740470087528228760e+02
1.062086390018463135e+03 5.501690633296965416e+02
1.087223791122436523e+03 5.451310055255889893e+02
1.059058391273021698e+03 6.281715898364782333e+02
1.085512234210968018e+03 6.172695660591125488e+02
0.000000000000000000e+00 0.000000000000000000e+00
0.000000000000000000e+00 0.000000000000000000e+00
0.000000000000000000e+00 0.000000000000000000e+00
1.272012194633483887e+03 3.579305284023284912e+02
1.318556927442550659e+03 3.596558990478515625e+02
1.257100319623947371e+03 3.942412414550781250e+02
1.325816914081573486e+03 3.989795217514038086e+02
1.239894993782043457e+03 4.321590919494628906e+02
1.326414908409118652e+03 4.426792588233947754e+02
0.000000000000000000e+00 0.000000000000000000e+00
0.000000000000000000e+00 0.000000000000000000e+00
1.263250153541564941e+03 4.831141802072525024e+02
1.307082278251647949e+03 4.843278360962867737e+02
1.264181077718734741e+03 5.619969525337219238e+02
1.295320182085037231e+03 5.589273662567138672e+02
1.267330011427402496e+03 6.366301116347312927e+02
1.284148945242166519e+03 6.336132426261901855e+02
0.000000000000000000e+00 0.000000000000000000e+00
0.000000000000000000e+00 0.000000000000000000e+00
0.000000000000000000e+00 0.000000000000000000e+00
4.169174659252166748e+02 3.265511298179626465e+02
4.286958065629005432e+02 3.279443278312683105e+02
4.152076559066772461e+02 3.409958329796791077e+02
4.317642197608947754e+02 3.405336421728134155e+02
4.076939449310302734e+02 3.580665211677551838e+02
4.373576539754867554e+02 3.573515866994857788e+02
4.037145671844482422e+02 3.787457479238509563e+02
4.438808003813027767e+02 3.721596067994833561e+02
4.165588307380676270e+02 3.730739097595214844e+02
4.311624889373779297e+02 3.750417571067810059e+02
4.168073844909667969e+02 4.005169746875762939e+02
4.307265830039978596e+02 4.009754621982574463e+02
4.203810356259346008e+02 4.269962878227233887e+02
4.323943657875060467e+02 4.265465930700302124e+02
0.000000000000000000e+00 0.000000000000000000e+00
0.000000000000000000e+00 0.000000000000000000e+00
0.000000000000000000e+00 0.000000000000000000e+00
8.526625840067863464e+02 3.203767669200897217e+02
8.612173666954040527e+02 3.204497098922729492e+02
8.486805918216705322e+02 3.306974302530288696e+02
8.614593364000320435e+02 3.305286802053451538e+02
8.422426261901855469e+02 3.438976035118103027e+02
8.637991228103637695e+02 3.434468045234680176e+02
8.403775568008422852e+02 3.467819850444793133e+02
0.000000000000000000e+00 0.000000000000000000e+00
8.469333000183105469e+02 3.567633658647536663e+02
8.551363010406494141e+02 3.572758955955505371e+02
8.470283260345458984e+02 3.801144559308886528e+02
8.551489379405974205e+02 3.798604294657707214e+02
8.495940904617309570e+02 4.011620471477508545e+02
8.553752613067626953e+02 4.027536662817001343e+02
0.000000000000000000e+00 0.000000000000000000e+00
0.000000000000000000e+00 0.000000000000000000e+00
0.000000000000000000e+00 0.000000000000000000e+00
1.518627163887023926e+03 3.466925125122070312e+02
1.527415090084075928e+03 3.470483967065811157e+02
1.513153673648834229e+03 3.572356709241867065e+02
1.529535593748092651e+03 3.564281731843948364e+02
1.506205093860626221e+03 3.695637159347534180e+02
1.532631502330303420e+03 3.690173401832579998e+02
1.504930598020553589e+03 3.766480908393859863e+02
1.527843903541564941e+03 3.748466973304748535e+02
1.512608460664749146e+03 3.816613974571228596e+02
1.524049232222139835e+03 3.813080949783325195e+02
1.510179919242858659e+03 4.007377257347106934e+02
1.522418668508529663e+03 4.003972868919373127e+02
1.509647918820381165e+03 4.196760868728160858e+02
1.524875733256340027e+03 4.181726496219635010e+02
0.000000000000000000e+00 0.000000000000000000e+00
0.000000000000000000e+00 0.000000000000000000e+00
0.000000000000000000e+00 0.000000000000000000e+00
1.622191474676132202e+03 3.418434858322143555e+02
1.631996964931488037e+03 3.416304271221160889e+02
1.619162668108940125e+03 3.529027481079101562e+02
1.635479488313198317e+03 3.520120871067047119e+02
1.614946481943130266e+03 3.689584300518035889e+02
1.639018715381622314e+03 3.665487911701202393e+02
1.614922712564468384e+03 3.804909872114658356e+02
0.000000000000000000e+00 0.000000000000000000e+00
1.623185778141021501e+03 3.799807830769568682e+02
1.633634809970855713e+03 3.783204551935195923e+02
0.000000000000000000e+00 0.000000000000000000e+00
0.000000000000000000e+00 0.000000000000000000e+00
0.000000000000000000e+00 0.000000000000000000e+00
0.000000000000000000e+00 0.000000000000000000e+00
0.000000000000000000e+00 0.000000000000000000e+00
0.000000000000000000e+00 0.000000000000000000e+00
0.000000000000000000e+00 0.000000000000000000e+00
4.955770056247711182e+02 3.236029293835163116e+02
5.036289763450622559e+02 3.241897046267986298e+02
4.887802913188934326e+02 3.343698902130126953e+02
5.056540322303771973e+02 3.355628490447998047e+02
4.849032912850379944e+02 3.498151049613952068e+02
5.082970252037047771e+02 3.504921042919158936e+02
4.874641838073730469e+02 3.585402047634124756e+02
5.111196136474609375e+02 3.597609472274780273e+02
4.903742783069610596e+02 3.646988092064857483e+02
5.031553275585175129e+02 3.651736431121826172e+02
4.946478276252747150e+02 3.888295150995254517e+02
5.013514951467514038e+02 3.888413323163986206e+02
4.960519528388976482e+02 4.110723249316215515e+02
4.981321700811386108e+02 4.107882227897644043e+02
0.000000000000000000e+00 0.000000000000000000e+00
0.000000000000000000e+00 0.000000000000000000e+00
0.000000000000000000e+00 0.000000000000000000e+00
2.933513364791870117e+02 3.266524996757507324e+02
3.076497100889682770e+02 3.273390283584594727e+02
2.869446396827697185e+02 3.440385158061981201e+02
3.110565230846405598e+02 3.445672883987426758e+02
2.821516046524047852e+02 3.662835752964019775e+02
3.190455577373505207e+02 3.616175389289855957e+02
2.824399441480636597e+02 3.761683058738709065e+02
3.261492047309875488e+02 3.699008846282958984e+02
2.951970915794373127e+02 3.875681295990943909e+02
3.091412904262542156e+02 3.884361192882061005e+02
3.011786888837814331e+02 4.177923309803009033e+02
3.066060230731964111e+02 4.170400633811951252e+02
2.988716263771057129e+02 4.454077984094619751e+02
3.046303844451904297e+02 4.451982933282852173e+02
0.000000000000000000e+00 0.000000000000000000e+00
0.000000000000000000e+00 0.000000000000000000e+00
0.000000000000000000e+00 0.000000000000000000e+00
1.690768851995468140e+03 4.345230238437652588e+02
1.796434887409210205e+03 4.373848562240600586e+02
1.664639163255691301e+03 4.922768751382827759e+02
1.829474792003631592e+03 4.989405232667922974e+02
1.606646413326263428e+03 5.968024453520774841e+02
1.842229827404022217e+03 6.210462720394134521e+02
1.571457334816455841e+03 6.610100356340408325e+02
1.844483646243810654e+03 7.097491106986999512e+02
1.671202634334564209e+03 7.715010079145431519e+02
1.760284200191497803e+03 7.653613559007643516e+02
0.000000000000000000e+00 0.000000000000000000e+00
0.000000000000000000e+00 0.000000000000000000e+00
1.696106962203979265e+03 1.041860770463943481e+03
1.741105361104011763e+03 9.925246686935425942e+02
0.000000000000000000e+00 0.000000000000000000e+00
0.000000000000000000e+00 0.000000000000000000e+00
0.000000000000000000e+00 0.000000000000000000e+00
0.000000000000000000e+00 0.000000000000000000e+00
6.384135780334472656e+02 3.214230866432189373e+02
6.204219816923141479e+02 3.344216799736022949e+02
6.388653650283813477e+02 3.344218447208404541e+02
6.141273591518402100e+02 3.500228621959686279e+02
6.465277767181396484e+02 3.460568041801453205e+02
0.000000000000000000e+00 0.000000000000000000e+00
0.000000000000000000e+00 0.000000000000000000e+00
6.243777980804443359e+02 3.689872910976409912e+02
6.415279257297515869e+02 3.711742519140243530e+02
0.000000000000000000e+00 0.000000000000000000e+00
0.000000000000000000e+00 0.000000000000000000e+00
0.000000000000000000e+00 0.000000000000000000e+00
0.000000000000000000e+00 0.000000000000000000e+00
0.000000000000000000e+00 0.000000000000000000e+00
0.000000000000000000e+00 0.000000000000000000e+00
0.000000000000000000e+00 0.000000000000000000e+00
0.000000000000000000e+00 0.000000000000000000e+00
7.557801496088503654e+02 3.508323657512664795e+02
0.000000000000000000e+00 0.000000000000000000e+00
7.505619671344757080e+02 3.614832959175109863e+02
0.000000000000000000e+00 0.000000000000000000e+00
0.000000000000000000e+00 0.000000000000000000e+00
0.000000000000000000e+00 0.000000000000000000e+00
0.000000000000000000e+00 0.000000000000000000e+00
0.000000000000000000e+00 0.000000000000000000e+00
0.000000000000000000e+00 0.000000000000000000e+00
0.000000000000000000e+00 0.000000000000000000e+00
0.000000000000000000e+00 0.000000000000000000e+00
0.000000000000000000e+00 0.000000000000000000e+00
0.000000000000000000e+00 0.000000000000000000e+00
0.000000000000000000e+00 0.000000000000000000e+00
0.000000000000000000e+00 0.000000000000000000e+00
0.000000000000000000e+00 0.000000000000000000e+00
0.000000000000000000e+00 0.000000000000000000e+00
1.123273988902568817e+03 3.408150277137755779e+02
1.117511801123619080e+03 3.500247855186461834e+02
1.124024940248578787e+03 3.500361852645874023e+02
0.000000000000000000e+00 0.000000000000000000e+00
1.127121663331985474e+03 3.621123852729797363e+02
0.000000000000000000e+00 0.000000000000000000e+00
0.000000000000000000e+00 0.000000000000000000e+00
1.119628104686737061e+03 3.711260717511177063e+02
1.124247378185391426e+03 3.717157409489154816e+02
0.000000000000000000e+00 0.000000000000000000e+00
0.000000000000000000e+00 0.000000000000000000e+00
0.000000000000000000e+00 0.000000000000000000e+00
0.000000000000000000e+00 0.000000000000000000e+00
0.000000000000000000e+00 0.000000000000000000e+00
0.000000000000000000e+00 0.000000000000000000e+00
0.000000000000000000e+00 0.000000000000000000e+00
0.000000000000000000e+00 0.000000000000000000e+00
0.000000000000000000e+00 0.000000000000000000e+00
7.818480114936828613e+02 3.321650353074073792e+02
0.000000000000000000e+00 0.000000000000000000e+00
7.873928976058959961e+02 3.480529427416622639e+02
0.000000000000000000e+00 0.000000000000000000e+00
0.000000000000000000e+00 0.000000000000000000e+00
0.000000000000000000e+00 0.000000000000000000e+00
7.799385769814252853e+02 3.577754546403884888e+02
7.694583964347839355e+02 3.574107213020324707e+02
0.000000000000000000e+00 0.000000000000000000e+00
0.000000000000000000e+00 0.000000000000000000e+00
0.000000000000000000e+00 0.000000000000000000e+00
0.000000000000000000e+00 0.000000000000000000e+00
0.000000000000000000e+00 0.000000000000000000e+00
0.000000000000000000e+00 0.000000000000000000e+00
0.000000000000000000e+00 0.000000000000000000e+00
0.000000000000000000e+00 0.000000000000000000e+00
0.000000000000000000e+00 0.000000000000000000e+00
1.250753168463706970e+03 3.500260884761810303e+02
0.000000000000000000e+00 0.000000000000000000e+00
0.000000000000000000e+00 0.000000000000000000e+00
0.000000000000000000e+00 0.000000000000000000e+00
0.000000000000000000e+00 0.000000000000000000e+00
0.000000000000000000e+00 0.000000000000000000e+00
0.000000000000000000e+00 0.000000000000000000e+00
0.000000000000000000e+00 0.000000000000000000e+00
0.000000000000000000e+00 0.000000000000000000e+00
0.000000000000000000e+00 0.000000000000000000e+00
0.000000000000000000e+00 0.000000000000000000e+00
0.000000000000000000e+00 0.000000000000000000e+00
0.000000000000000000e+00 0.000000000000000000e+00
0.000000000000000000e+00 0.000000000000000000e+00
0.000000000000000000e+00 0.000000000000000000e+00
0.000000000000000000e+00 0.000000000000000000e+00
0.000000000000000000e+00 0.000000000000000000e+00
0.000000000000000000e+00 0.000000000000000000e+00
0.000000000000000000e+00 0.000000000000000000e+00
1.863907856225967180e+03 4.689961463809012798e+02
0.000000000000000000e+00 0.000000000000000000e+00
0.000000000000000000e+00 0.000000000000000000e+00
0.000000000000000000e+00 0.000000000000000000e+00
0.000000000000000000e+00 0.000000000000000000e+00
0.000000000000000000e+00 0.000000000000000000e+00
0.000000000000000000e+00 0.000000000000000000e+00
0.000000000000000000e+00 0.000000000000000000e+00
0.000000000000000000e+00 0.000000000000000000e+00
0.000000000000000000e+00 0.000000000000000000e+00
0.000000000000000000e+00 0.000000000000000000e+00
0.000000000000000000e+00 0.000000000000000000e+00
0.000000000000000000e+00 0.000000000000000000e+00
0.000000000000000000e+00 0.000000000000000000e+00
0.000000000000000000e+00 0.000000000000000000e+00
0.000000000000000000e+00 0.000000000000000000e+00
0.000000000000000000e+00 0.000000000000000000e+00
1.103895468950271606e+03 3.598272099494933514e+02
0.000000000000000000e+00 0.000000000000000000e+00
0.000000000000000000e+00 0.000000000000000000e+00
0.000000000000000000e+00 0.000000000000000000e+00
0.000000000000000000e+00 0.000000000000000000e+00
0.000000000000000000e+00 0.000000000000000000e+00
0.000000000000000000e+00 0.000000000000000000e+00
0.000000000000000000e+00 0.000000000000000000e+00
0.000000000000000000e+00 0.000000000000000000e+00
0.000000000000000000e+00 0.000000000000000000e+00
0.000000000000000000e+00 0.000000000000000000e+00
0.000000000000000000e+00 0.000000000000000000e+00
0.000000000000000000e+00 0.000000000000000000e+00
0.000000000000000000e+00 0.000000000000000000e+00
0.000000000000000000e+00 0.000000000000000000e+00
0.000000000000000000e+00 0.000000000000000000e+00
0.000000000000000000e+00 0.000000000000000000e+00
0.000000000000000000e+00 0.000000000000000000e+00
7.615513856410980225e+02 3.487827087640762329e+02
0.000000000000000000e+00 0.000000000000000000e+00
0.000000000000000000e+00 0.000000000000000000e+00
0.000000000000000000e+00 0.000000000000000000e+00
0.000000000000000000e+00 0.000000000000000000e+00
0.000000000000000000e+00 0.000000000000000000e+00
0.000000000000000000e+00 0.000000000000000000e+00
0.000000000000000000e+00 0.000000000000000000e+00
0.000000000000000000e+00 0.000000000000000000e+00
0.000000000000000000e+00 0.000000000000000000e+00
0.000000000000000000e+00 0.000000000000000000e+00
0.000000000000000000e+00 0.000000000000000000e+00
0.000000000000000000e+00 0.000000000000000000e+00
0.000000000000000000e+00 0.000000000000000000e+00
0.000000000000000000e+00 0.000000000000000000e+00
0.000000000000000000e+00 0.000000000000000000e+00
0.000000000000000000e+00 0.000000000000000000e+00
0.000000000000000000e+00 0.000000000000000000e+00
1.250026285409927368e+03 3.838461732864379883e+02
0.000000000000000000e+00 0.000000000000000000e+00
0.000000000000000000e+00 0.000000000000000000e+00
0.000000000000000000e+00 0.000000000000000000e+00
0.000000000000000000e+00 0.000000000000000000e+00
0.000000000000000000e+00 0.000000000000000000e+00
0.000000000000000000e+00 0.000000000000000000e+00
0.000000000000000000e+00 0.000000000000000000e+00
0.000000000000000000e+00 0.000000000000000000e+00
0.000000000000000000e+00 0.000000000000000000e+00
0.000000000000000000e+00 0.000000000000000000e+00
0.000000000000000000e+00 0.000000000000000000e+00
0.000000000000000000e+00 0.000000000000000000e+00
0.000000000000000000e+00 0.000000000000000000e+00
0.000000000000000000e+00 0.000000000000000000e+00
0.000000000000000000e+00 0.000000000000000000e+00
0.000000000000000000e+00 0.000000000000000000e+00
1.844278544872999191e+03 7.106203260421751793e+02
0.000000000000000000e+00 0.000000000000000000e+00
0.000000000000000000e+00 0.000000000000000000e+00
0.000000000000000000e+00 0.000000000000000000e+00
0.000000000000000000e+00 0.000000000000000000e+00
0.000000000000000000e+00 0.000000000000000000e+00
0.000000000000000000e+00 0.000000000000000000e+00
0.000000000000000000e+00 0.000000000000000000e+00
0.000000000000000000e+00 0.000000000000000000e+00
0.000000000000000000e+00 0.000000000000000000e+00
0.000000000000000000e+00 0.000000000000000000e+00
0.000000000000000000e+00 0.000000000000000000e+00
0.000000000000000000e+00 0.000000000000000000e+00
0.000000000000000000e+00 0.000000000000000000e+00
0.000000000000000000e+00 0.000000000000000000e+00
0.000000000000000000e+00 0.000000000000000000e+00
0.000000000000000000e+00 0.000000000000000000e+00
0.000000000000000000e+00 0.000000000000000000e+00
1.833235815286636353e+03 4.761116088852286339e+02
0.000000000000000000e+00 0.000000000000000000e+00
0.000000000000000000e+00 0.000000000000000000e+00
0.000000000000000000e+00 0.000000000000000000e+00
0.000000000000000000e+00 0.000000000000000000e+00
0.000000000000000000e+00 0.000000000000000000e+00
0.000000000000000000e+00 0.000000000000000000e+00
0.000000000000000000e+00 0.000000000000000000e+00
0.000000000000000000e+00 0.000000000000000000e+00
0.000000000000000000e+00 0.000000000000000000e+00
0.000000000000000000e+00 0.000000000000000000e+00
0.000000000000000000e+00 0.000000000000000000e+00
0.000000000000000000e+00 0.000000000000000000e+00
0.000000000000000000e+00 0.000000000000000000e+00
0.000000000000000000e+00 0.000000000000000000e+00
0.000000000000000000e+00 0.000000000000000000e+00
0.000000000000000000e+00 0.000000000000000000e+00
1.252866439104080200e+03 3.803832582831382751e+02
0.000000000000000000e+00 0.000000000000000000e+00
0.000000000000000000e+00 0.000000000000000000e+00
0.000000000000000000e+00 0.000000000000000000e+00
0.000000000000000000e+00 0.000000000000000000e+00
0.000000000000000000e+00 0.000000000000000000e+00
0.000000000000000000e+00 0.000000000000000000e+00
0.000000000000000000e+00 0.000000000000000000e+00
0.000000000000000000e+00 0.000000000000000000e+00
0.000000000000000000e+00 0.000000000000000000e+00
0.000000000000000000e+00 0.000000000000000000e+00
0.000000000000000000e+00 0.000000000000000000e+00
0.000000000000000000e+00 0.000000000000000000e+00
0.000000000000000000e+00 0.000000000000000000e+00
0.000000000000000000e+00 0.000000000000000000e+00
0.000000000000000000e+00 0.000000000000000000e+00
0.000000000000000000e+00 0.000000000000000000e+00
1.122645454645156860e+03 4.102002388238906860e+02
0.000000000000000000e+00 0.000000000000000000e+00
0.000000000000000000e+00 0.000000000000000000e+00
0.000000000000000000e+00 0.000000000000000000e+00
0.000000000000000000e+00 0.000000000000000000e+00
0.000000000000000000e+00 0.000000000000000000e+00
0.000000000000000000e+00 0.000000000000000000e+00
0.000000000000000000e+00 0.000000000000000000e+00
0.000000000000000000e+00 0.000000000000000000e+00
0.000000000000000000e+00 0.000000000000000000e+00
0.000000000000000000e+00 0.000000000000000000e+00
0.000000000000000000e+00 0.000000000000000000e+00
0.000000000000000000e+00 0.000000000000000000e+00
0.000000000000000000e+00 0.000000000000000000e+00
0.000000000000000000e+00 0.000000000000000000e+00
0.000000000000000000e+00 0.000000000000000000e+00
0.000000000000000000e+00 0.000000000000000000e+00
8.612750233411788940e+02 3.432830967903136639e+02
0.000000000000000000e+00 0.000000000000000000e+00
0.000000000000000000e+00 0.000000000000000000e+00
0.000000000000000000e+00 0.000000000000000000e+00
0.000000000000000000e+00 0.000000000000000000e+00
0.000000000000000000e+00 0.000000000000000000e+00
0.000000000000000000e+00 0.000000000000000000e+00
0.000000000000000000e+00 0.000000000000000000e+00
0.000000000000000000e+00 0.000000000000000000e+00
0.000000000000000000e+00 0.000000000000000000e+00
0.000000000000000000e+00 0.000000000000000000e+00
0.000000000000000000e+00 0.000000000000000000e+00
0.000000000000000000e+00 0.000000000000000000e+00
0.000000000000000000e+00 0.000000000000000000e+00
0.000000000000000000e+00 0.000000000000000000e+00
0.000000000000000000e+00 0.000000000000000000e+00
0.000000000000000000e+00 0.000000000000000000e+00
0.000000000000000000e+00 0.000000000000000000e+00
1.829883515954017639e+03 5.297443778514862061e+02
0.000000000000000000e+00 0.000000000000000000e+00
0.000000000000000000e+00 0.000000000000000000e+00
0.000000000000000000e+00 0.000000000000000000e+00
0.000000000000000000e+00 0.000000000000000000e+00
0.000000000000000000e+00 0.000000000000000000e+00
0.000000000000000000e+00 0.000000000000000000e+00
0.000000000000000000e+00 0.000000000000000000e+00
0.000000000000000000e+00 0.000000000000000000e+00
0.000000000000000000e+00 0.000000000000000000e+00
0.000000000000000000e+00 0.000000000000000000e+00
0.000000000000000000e+00 0.000000000000000000e+00
0.000000000000000000e+00 0.000000000000000000e+00
0.000000000000000000e+00 0.000000000000000000e+00
0.000000000000000000e+00 0.000000000000000000e+00
0.000000000000000000e+00 0.000000000000000000e+00
0.000000000000000000e+00 0.000000000000000000e+00
0.000000000000000000e+00 0.000000000000000000e+00
0.000000000000000000e+00 0.000000000000000000e+00
1.745552012205123901e+03 8.662535861730575562e+02
1.686529984712600708e+03 8.893952734470367432e+02
1.741209028244018782e+03 9.958398628234863281e+02
1.694721296310425032e+03 1.037806770801544189e+03
0.000000000000000000e+00 0.000000000000000000e+00
0.000000000000000000e+00 0.000000000000000000e+00
0.000000000000000000e+00 0.000000000000000000e+00
0.000000000000000000e+00 0.000000000000000000e+00
0.000000000000000000e+00 0.000000000000000000e+00
0.000000000000000000e+00 0.000000000000000000e+00
0.000000000000000000e+00 0.000000000000000000e+00
0.000000000000000000e+00 0.000000000000000000e+00
0.000000000000000000e+00 0.000000000000000000e+00
0.000000000000000000e+00 0.000000000000000000e+00
0.000000000000000000e+00 0.000000000000000000e+00
0.000000000000000000e+00 0.000000000000000000e+00
0.000000000000000000e+00 0.000000000000000000e+00
1.619753918647766113e+03 3.944564296007155804e+02
0.000000000000000000e+00 0.000000000000000000e+00
0.000000000000000000e+00 0.000000000000000000e+00
0.000000000000000000e+00 0.000000000000000000e+00
